b'POS,3,4830,1.82,1.57,0.17,38,x0B\r\n'
b'POS,3,4830,1.79,1.56,0.17,38,x0B\r\n'
b'POS,3,4830,1.76,1.53,0.18,38,x0B\r\n'
b'POS,3,4830,1.77,1.53,0.17,39,x0B\r\n'
b'POS,3,4830,1.79,1.52,0.18,40,x0B\r\n'
b'POS,3,4830,1.77,1.53,0.17,39,x0B\r\n'
b'POS,3,4830,1.75,1.52,0.17,37,x0B\r\n'
b'POS,3,4830,1.75,1.50,0.16,36,x0B\r\n'
b'POS,3,4830,1.75,1.49,0.15,37,x0B\r\n'
b'POS,3,4830,1.75,1.47,0.15,37,x0B\r\n'
b'POS,3,4830,1.75,1.47,0.15,38,x0B\r\n'
b'POS,3,4830,1.74,1.46,0.14,35,x0B\r\n'
b'POS,3,4830,1.75,1.47,0.15,39,x0B\r\n'
b'POS,3,4830,1.75,1.47,0.15,38,x0B\r\n'
b'POS,3,4830,1.74,1.49,0.16,39,x0B\r\n'
b'POS,3,4830,1.76,1.49,0.17,42,x0B\r\n'
b'POS,3,4830,1.75,1.50,0.17,38,x0B\r\n'
b'POS,3,4830,1.76,1.52,0.18,41,x0B\r\n'
b'POS,3,4830,1.76,1.53,0.19,42,x0B\r\n'
b'POS,3,4830,1.77,1.54,0.19,41,x0B\r\n'
b'POS,3,4830,1.77,1.55,0.20,42,x0B\r\n'
b'POS,3,4830,1.76,1.55,0.20,40,x0B\r\n'
b'POS,3,4830,1.78,1.54,0.22,45,x0B\r\n'
b'POS,3,4830,1.79,1.54,0.23,44,x0B\r\n'
b'POS,3,4830,1.80,1.53,0.25,46,x0B\r\n'
b'POS,3,4830,1.80,1.52,0.25,43,x0B\r\n'
b'POS,3,4830,1.78,1.51,0.23,38,x0B\r\n'
b'POS,3,4830,1.77,1.50,0.21,38,x0B\r\n'
b'POS,3,4830,1.79,1.50,0.23,45,x0B\r\n'
b'POS,3,4830,1.78,1.50,0.22,40,x0B\r\n'
b'POS,3,4830,1.79,1.49,0.22,41,x0B\r\n'
b'POS,3,4830,1.79,1.49,0.22,42,x0B\r\n'
b'POS,3,4830,1.77,1.50,0.19,36,x0B\r\n'
b'POS,3,4830,1.76,1.49,0.20,40,x0B\r\n'
b'POS,3,4830,1.75,1.49,0.18,36,x0B\r\n'
b'POS,3,4830,1.76,1.50,0.19,42,x0B\r\n'
b'POS,3,4830,1.75,1.49,0.18,38,x0B\r\n'
b'POS,3,4830,1.77,1.49,0.19,41,x0B\r\n'
b'POS,3,4830,1.76,1.49,0.20,42,x0B\r\n'
b'POS,3,4830,1.76,1.50,0.20,41,x0B\r\n'
b'POS,3,4830,1.76,1.51,0.21,42,x0B\r\n'
b'POS,3,4830,1.73,1.49,0.20,37,x0B\r\n'
b'POS,3,4830,1.73,1.48,0.19,38,x0B\r\n'
b'POS,3,4830,1.73,1.48,0.19,40,x0B\r\n'
b'POS,3,4830,1.73,1.48,0.20,41,x0B\r\n'
b'POS,3,4830,1.72,1.49,0.19,38,x0B\r\n'
b'POS,3,4830,1.72,1.48,0.19,39,x0B\r\n'
b'POS,3,4830,1.71,1.48,0.19,40,x0B\r\n'
b'POS,3,4830,1.72,1.49,0.20,41,x0B\r\n'
b'POS,3,4830,1.72,1.49,0.21,42,x0B\r\n'
b'POS,3,4830,1.72,1.49,0.20,38,x0B\r\n'
b'POS,3,4830,1.72,1.49,0.20,39,x0B\r\n'
b'POS,3,4830,1.72,1.48,0.19,37,x0B\r\n'
b'POS,3,4830,1.72,1.48,0.19,39,x0B\r\n'
b'POS,3,4830,1.71,1.48,0.17,36,x0B\r\n'
b'POS,3,4830,1.71,1.48,0.18,39,x0B\r\n'
b'POS,3,4830,1.73,1.49,0.19,43,x0B\r\n'
b'POS,3,4830,1.73,1.48,0.20,40,x0B\r\n'
b'POS,3,4830,1.73,1.49,0.21,42,x0B\r\n'
b'POS,3,4830,1.72,1.49,0.20,38,x0B\r\n'
b'POS,3,4830,1.72,1.47,0.19,38,x0B\r\n'
b'POS,3,4830,1.73,1.47,0.20,40,x0B\r\n'
b'POS,3,4830,1.73,1.49,0.21,42,x0B\r\n'
b'POS,3,4830,1.74,1.49,0.20,41,x0B\r\n'
b'POS,3,4830,1.75,1.49,0.21,41,x0B\r\n'
b'POS,3,4830,1.75,1.48,0.22,41,x0B\r\n'
b'POS,3,4830,1.74,1.48,0.20,38,x0B\r\n'
b'POS,3,4830,1.75,1.49,0.21,41,x0B\r\n'
b'POS,3,4830,1.75,1.50,0.20,40,x0B\r\n'
b'POS,3,4830,1.73,1.49,0.18,36,x0B\r\n'
b'POS,3,4830,1.73,1.49,0.18,38,x0B\r\n'
b'POS,3,4830,1.74,1.48,0.19,41,x0B\r\n'
b'POS,3,4830,1.73,1.48,0.18,38,x0B\r\n'
b'POS,3,4830,1.73,1.49,0.18,39,x0B\r\n'
b'POS,3,4830,1.73,1.48,0.17,37,x0B\r\n'
b'POS,3,4830,1.74,1.48,0.18,40,x0B\r\n'
b'POS,3,4830,1.73,1.48,0.19,39,x0B\r\n'
b'POS,3,4830,1.73,1.48,0.18,38,x0B\r\n'
b'POS,3,4830,1.72,1.47,0.17,37,x0B\r\n'
b'POS,3,4830,1.74,1.46,0.18,40,x0B\r\n'
b'POS,3,4830,1.75,1.48,0.18,40,x0B\r\n'
b'POS,3,4830,1.77,1.48,0.19,42,x0B\r\n'
b'POS,3,4830,1.75,1.47,0.19,38,x0B\r\n'
b'POS,3,4830,1.75,1.47,0.19,39,x0B\r\n'
b'POS,3,4830,1.74,1.47,0.20,41,x0B\r\n'
b'POS,3,4830,1.74,1.49,0.20,40,x0B\r\n'
b'POS,3,4830,1.74,1.48,0.20,40,x0B\r\n'
b'POS,3,4830,1.72,1.48,0.18,37,x0B\r\n'
b'POS,3,4830,1.71,1.48,0.18,37,x0B\r\n'
b'POS,3,4830,1.71,1.48,0.18,39,x0B\r\n'
b'POS,3,4830,1.70,1.49,0.17,37,x0B\r\n'
b'POS,3,4830,1.70,1.47,0.18,39,x0B\r\n'
b'POS,3,4830,1.71,1.48,0.17,38,x0B\r\n'
b'POS,3,4830,1.72,1.49,0.18,41,x0B\r\n'
b'POS,3,4830,1.71,1.50,0.18,39,x0B\r\n'
b'POS,3,4830,1.72,1.50,0.20,42,x0B\r\n'
b'POS,3,4830,1.73,1.49,0.20,40,x0B\r\n'
b'POS,3,4830,1.73,1.49,0.19,38,x0B\r\n'
b'POS,3,4830,1.72,1.49,0.19,39,x0B\r\n'
b'POS,3,4830,1.73,1.49,0.19,39,x0B\r\n'
b'POS,3,4830,1.73,1.49,0.19,40,x0B\r\n'
b'POS,3,4830,1.75,1.50,0.19,41,x0B\r\n'
b'POS,3,4830,1.75,1.49,0.19,39,x0B\r\n'
b'POS,3,4830,1.76,1.50,0.21,42,x0B\r\n'
b'POS,3,4830,1.75,1.50,0.20,39,x0B\r\n'
b'POS,3,4830,1.75,1.49,0.19,38,x0B\r\n'
b'POS,3,4830,1.74,1.48,0.19,39,x0B\r\n'
b'POS,3,4830,1.73,1.48,0.18,37,x0B\r\n'
b'POS,3,4830,1.73,1.49,0.19,40,x0B\r\n'
b'POS,3,4830,1.73,1.48,0.18,38,x0B\r\n'
b'POS,3,4830,1.72,1.48,0.18,38,x0B\r\n'
b'POS,3,4830,1.72,1.54,0.23,50,x0B\r\n'
b'POS,3,4830,1.72,1.53,0.21,38,x0B\r\n'
b'POS,3,4830,1.71,1.51,0.20,37,x0B\r\n'
b'POS,3,4830,1.69,1.51,0.17,34,x0B\r\n'
b'POS,3,4830,1.71,1.51,0.19,43,x0B\r\n'
b'POS,3,4830,1.72,1.51,0.20,41,x0B\r\n'
b'POS,3,4830,1.72,1.51,0.19,39,x0B\r\n'
b'POS,3,4830,1.73,1.52,0.20,41,x0B\r\n'
b'POS,3,4830,1.73,1.52,0.19,39,x0B\r\n'
b'POS,3,4830,1.74,1.52,0.21,43,x0B\r\n'
b'POS,3,4830,1.76,1.51,0.20,40,x0B\r\n'
b'POS,3,4830,1.75,1.51,0.19,38,x0B\r\n'
b'POS,3,4830,1.75,1.49,0.19,39,x0B\r\n'
b'POS,3,4830,1.76,1.50,0.19,41,x0B\r\n'
b'POS,3,4830,1.74,1.50,0.17,35,x0B\r\n'
b'POS,3,4830,1.72,1.50,0.16,36,x0B\r\n'
b'POS,3,4830,1.71,1.51,0.15,37,x0B\r\n'
b'POS,3,4830,1.74,1.52,0.18,44,x0B\r\n'
b'POS,3,4830,1.75,1.53,0.18,40,x0B\r\n'
b'POS,3,4830,1.73,1.53,0.18,38,x0B\r\n'
b'POS,3,4830,1.73,1.52,0.18,38,x0B\r\n'
b'POS,3,4830,1.72,1.52,0.18,39,x0B\r\n'
b'POS,3,4830,1.72,1.52,0.17,38,x0B\r\n'
b'POS,3,4830,1.74,1.52,0.18,41,x0B\r\n'
b'POS,3,4830,1.74,1.51,0.18,38,x0B\r\n'
b'POS,3,4830,1.73,1.51,0.16,36,x0B\r\n'
b'POS,3,4830,1.73,1.49,0.16,38,x0B\r\n'
b'POS,3,4830,1.74,1.49,0.16,39,x0B\r\n'
b'POS,3,4830,1.73,1.49,0.16,37,x0B\r\n'
b'POS,3,4830,1.74,1.49,0.17,40,x0B\r\n'
b'POS,3,4830,1.75,1.51,0.18,42,x0B\r\n'
b'POS,3,4830,1.75,1.49,0.18,38,x0B\r\n'
b'POS,3,4830,1.75,1.50,0.18,40,x0B\r\n'
b'POS,3,4830,1.74,1.50,0.18,39,x0B\r\n'
b'POS,3,4830,1.75,1.50,0.18,39,x0B\r\n'
b'POS,3,4830,1.74,1.50,0.18,38,x0B\r\n'
b'POS,3,4830,1.75,1.51,0.19,42,x0B\r\n'
b'POS,3,4830,1.76,1.51,0.19,41,x0B\r\n'
b'POS,3,4830,1.74,1.51,0.19,38,x0B\r\n'
b'POS,3,4830,1.76,1.52,0.20,42,x0B\r\n'
b'POS,3,4830,1.75,1.52,0.19,39,x0B\r\n'
b'POS,3,4830,1.74,1.51,0.18,37,x0B\r\n'
b'POS,3,4830,1.75,1.52,0.19,41,x0B\r\n'
b'POS,3,4830,1.75,1.50,0.17,37,x0B\r\n'
b'POS,3,4830,1.76,1.51,0.18,41,x0B\r\n'
b'POS,3,4830,1.75,1.49,0.17,36,x0B\r\n'
b'POS,3,4830,1.73,1.51,0.17,40,x0B\r\n'
b'POS,3,4830,1.74,1.51,0.18,40,x0B\r\n'
b'POS,3,4830,1.74,1.51,0.17,39,x0B\r\n'
b'POS,3,4830,1.73,1.51,0.17,39,x0B\r\n'
b'POS,3,4830,1.75,1.50,0.18,40,x0B\r\n'
b'POS,3,4830,1.76,1.51,0.18,41,x0B\r\n'
b'POS,3,4830,1.76,1.51,0.20,42,x0B\r\n'
b'POS,3,4830,1.77,1.51,0.20,42,x0B\r\n'
b'POS,3,4830,1.79,1.51,0.20,40,x0B\r\n'
b'POS,3,4830,1.79,1.51,0.20,41,x0B\r\n'
b'POS,3,4830,1.77,1.50,0.19,38,x0B\r\n'
b'POS,3,4830,1.77,1.50,0.20,42,x0B\r\n'
b'POS,3,4830,1.79,1.52,0.21,48,x0B\r\n'
b'POS,3,4830,1.77,1.51,0.19,37,x0B\r\n'
b'POS,3,4830,1.76,1.52,0.19,39,x0B\r\n'
b'POS,3,4830,1.76,1.52,0.19,40,x0B\r\n'
b'POS,3,4830,1.77,1.52,0.19,39,x0B\r\n'
b'POS,3,4830,1.77,1.52,0.18,40,x0B\r\n'
b'POS,3,4830,1.79,1.51,0.19,41,x0B\r\n'
b'POS,3,4830,1.77,1.50,0.18,38,x0B\r\n'
b'POS,3,4830,1.76,1.51,0.18,39,x0B\r\n'
b'POS,3,4830,1.77,1.51,0.18,41,x0B\r\n'
b'POS,3,4830,1.77,1.52,0.19,41,x0B\r\n'
b'POS,3,4830,1.76,1.52,0.18,39,x0B\r\n'
b'POS,3,4830,1.75,1.51,0.18,38,x0B\r\n'
b'POS,3,4830,1.75,1.51,0.18,39,x0B\r\n'
b'POS,3,4830,1.77,1.51,0.19,41,x0B\r\n'
b'POS,3,4830,1.76,1.52,0.19,41,x0B\r\n'
b'POS,3,4830,1.75,1.51,0.20,40,x0B\r\n'
b'POS,3,4830,1.75,1.52,0.20,40,x0B\r\n'
b'POS,3,4830,1.76,1.52,0.20,41,x0B\r\n'
b'POS,3,4830,1.76,1.50,0.20,40,x0B\r\n'
b'POS,3,4830,1.77,1.51,0.21,42,x0B\r\n'
b'POS,3,4830,1.77,1.50,0.22,42,x0B\r\n'
b'POS,3,4830,1.77,1.50,0.21,39,x0B\r\n'
b'POS,3,4830,1.78,1.50,0.20,40,x0B\r\n'
b'POS,3,4830,1.77,1.50,0.21,42,x0B\r\n'
b'POS,3,4830,1.77,1.51,0.22,42,x0B\r\n'
b'POS,3,4830,1.76,1.50,0.21,39,x0B\r\n'
b'POS,3,4830,1.75,1.50,0.21,40,x0B\r\n'
b'POS,3,4830,1.74,1.51,0.19,38,x0B\r\n'
b'POS,3,4830,1.76,1.51,0.20,42,x0B\r\n'
b'POS,3,4830,1.75,1.50,0.20,40,x0B\r\n'
b'POS,3,4830,1.75,1.50,0.20,40,x0B\r\n'
b'POS,3,4830,1.74,1.50,0.19,39,x0B\r\n'
b'POS,3,4830,1.75,1.51,0.21,43,x0B\r\n'
b'POS,3,4830,1.75,1.50,0.20,38,x0B\r\n'
b'POS,3,4830,1.75,1.51,0.20,40,x0B\r\n'
b'POS,3,4830,1.74,1.51,0.19,39,x0B\r\n'
b'POS,3,4830,1.74,1.51,0.19,39,x0B\r\n'
b'POS,3,4830,1.76,1.51,0.19,40,x0B\r\n'
b'POS,3,4830,1.73,1.50,0.18,37,x0B\r\n'
b'POS,3,4830,1.72,1.50,0.18,38,x0B\r\n'
b'POS,3,4830,1.73,1.50,0.19,41,x0B\r\n'
b'POS,3,4830,1.74,1.51,0.21,44,x0B\r\n'
b'POS,3,4830,1.75,1.50,0.19,38,x0B\r\n'
b'POS,3,4830,1.74,1.50,0.19,39,x0B\r\n'
b'POS,3,4830,1.74,1.51,0.17,36,x0B\r\n'
b'POS,3,4830,1.75,1.51,0.18,41,x0B\r\n'
b'POS,3,4830,1.76,1.50,0.18,39,x0B\r\n'
b'POS,3,4830,nan,nan,nan,0,x0B\r\n'
b'POS,3,4830,1.77,1.50,0.18,41,x0B\r\n'
b'POS,3,4830,1.75,1.51,0.17,37,x0B\r\n'
b'POS,3,4830,1.76,1.50,0.19,42,x0B\r\n'
b'POS,3,4830,1.79,1.51,0.20,43,x0B\r\n'
b'POS,3,4830,1.78,1.49,0.20,39,x0B\r\n'
b'POS,3,4830,1.78,1.48,0.20,41,x0B\r\n'
b'POS,3,4830,1.79,1.49,0.20,40,x0B\r\n'
b'POS,3,4830,1.79,1.50,0.21,43,x0B\r\n'
b'POS,3,4830,1.80,1.51,0.22,43,x0B\r\n'
b'POS,3,4830,1.80,1.52,0.23,43,x0B\r\n'
b'POS,3,4830,1.79,1.52,0.22,41,x0B\r\n'
b'POS,3,4830,1.79,1.52,0.23,43,x0B\r\n'
b'POS,3,4830,1.78,1.52,0.22,39,x0B\r\n'
b'POS,3,4830,1.81,1.52,0.25,49,x0B\r\n'
b'POS,3,4830,1.79,1.53,0.24,41,x0B\r\n'
b'POS,3,4830,1.77,1.52,0.22,37,x0B\r\n'
b'POS,3,4830,1.76,1.52,0.20,38,x0B\r\n'
b'POS,3,4830,1.75,1.50,0.18,35,x0B\r\n'
b'POS,3,4830,1.74,1.50,0.18,39,x0B\r\n'
b'POS,3,4830,1.72,1.49,0.16,34,x0B\r\n'
b'POS,3,4830,1.72,1.50,0.16,39,x0B\r\n'
b'POS,3,4830,1.71,1.50,0.16,37,x0B\r\n'
b'POS,3,4830,1.72,1.50,0.16,38,x0B\r\n'
b'POS,3,4830,1.72,1.50,0.16,38,x0B\r\n'
b'POS,3,4830,1.73,1.51,0.16,39,x0B\r\n'
b'POS,3,4830,1.73,1.50,0.17,40,x0B\r\n'
b'POS,3,4830,1.74,1.51,0.19,42,x0B\r\n'
b'POS,3,4830,1.76,1.52,0.21,45,x0B\r\n'
b'POS,3,4830,1.77,1.52,0.21,41,x0B\r\n'
b'POS,3,4830,1.78,1.53,0.20,40,x0B\r\n'
b'POS,3,4830,1.79,1.51,0.19,39,x0B\r\n'
b'POS,3,4830,1.79,1.51,0.19,39,x0B\r\n'
b'POS,3,4830,1.78,1.51,0.18,39,x0B\r\n'
b'POS,3,4830,1.76,1.50,0.18,38,x0B\r\n'
b'POS,3,4830,1.77,1.51,0.19,41,x0B\r\n'
b'POS,3,4830,1.76,1.50,0.19,39,x0B\r\n'
b'POS,3,4830,1.76,1.51,0.19,40,x0B\r\n'
b'POS,3,4830,1.77,1.51,0.19,40,x0B\r\n'
b'POS,3,4830,1.76,1.52,0.19,40,x0B\r\n'
b'POS,3,4830,1.77,1.52,0.19,41,x0B\r\n'
b'POS,3,4830,1.78,1.52,0.21,43,x0B\r\n'
b'POS,3,4830,1.79,1.52,0.20,41,x0B\r\n'
b'POS,3,4830,1.80,1.52,0.21,43,x0B\r\n'
b'POS,3,4830,1.77,1.51,0.20,37,x0B\r\n'
b'POS,3,4830,1.77,1.51,0.20,41,x0B\r\n'
b'POS,3,4830,1.76,1.51,0.20,40,x0B\r\n'
b'POS,3,4830,1.77,1.51,0.20,40,x0B\r\n'
b'POS,3,4830,1.78,1.51,0.21,43,x0B\r\n'
b'POS,3,4830,1.78,1.50,0.22,42,x0B\r\n'
b'POS,3,4830,1.77,1.50,0.21,38,x0B\r\n'
b'POS,3,4830,1.77,1.50,0.19,39,x0B\r\n'
b'POS,3,4830,1.76,1.51,0.20,41,x0B\r\n'
b'POS,3,4830,1.76,1.51,0.21,42,x0B\r\n'
b'POS,3,4830,1.76,1.51,0.21,40,x0B\r\n'
b'POS,3,4830,1.77,1.51,0.21,41,x0B\r\n'
b'POS,3,4830,1.77,1.52,0.21,42,x0B\r\n'
b'POS,3,4830,1.75,1.53,0.20,39,x0B\r\n'
b'POS,3,4830,1.76,1.53,0.20,40,x0B\r\n'
b'POS,3,4830,1.77,1.52,0.21,43,x0B\r\n'
b'POS,3,4830,1.78,1.51,0.21,41,x0B\r\n'
b'POS,3,4830,1.79,1.51,0.21,40,x0B\r\n'
b'POS,3,4830,1.81,1.54,0.19,40,x0B\r\n'
b'POS,3,4830,1.83,1.57,0.18,40,x0B\r\n'
b'POS,3,4830,1.84,1.58,0.19,44,x0B\r\n'
b'POS,3,4830,1.85,1.57,0.19,41,x0B\r\n'
b'POS,3,4830,1.85,1.57,0.21,45,x0B\r\n'
b'POS,3,4830,1.83,1.55,0.22,41,x0B\r\n'
b'POS,3,4830,1.81,1.52,0.21,39,x0B\r\n'
b'POS,3,4830,1.79,1.51,0.19,36,x0B\r\n'
b'POS,3,4830,1.79,1.51,0.19,40,x0B\r\n'
b'POS,3,4830,1.78,1.49,0.17,36,x0B\r\n'
b'POS,3,4830,1.78,1.50,0.18,42,x0B\r\n'
b'POS,3,4830,1.79,1.51,0.19,42,x0B\r\n'
b'POS,3,4830,1.77,1.51,0.18,37,x0B\r\n'
b'POS,3,4830,1.77,1.53,0.20,43,x0B\r\n'
b'POS,3,4830,1.77,1.53,0.20,40,x0B\r\n'
b'POS,3,4830,1.79,1.54,0.18,50,x0B\r\n'
b'POS,3,4830,1.80,1.54,0.20,43,x0B\r\n'
b'POS,3,4830,1.79,1.53,0.20,40,x0B\r\n'
b'POS,3,4830,1.80,1.54,0.21,43,x0B\r\n'
b'POS,3,4830,1.80,1.54,0.21,42,x0B\r\n'
b'POS,3,4830,1.78,1.51,0.20,37,x0B\r\n'
b'POS,3,4830,1.78,1.52,0.21,43,x0B\r\n'
b'POS,3,4830,1.78,1.53,0.21,41,x0B\r\n'
b'POS,3,4830,1.78,1.53,0.21,41,x0B\r\n'
b'POS,3,4830,1.79,1.52,0.22,45,x0B\r\n'
b'POS,3,4830,1.79,1.52,0.22,40,x0B\r\n'
b'POS,3,4830,1.81,1.52,0.22,43,x0B\r\n'
b'POS,3,4830,1.80,1.53,0.23,43,x0B\r\n'
b'POS,3,4830,1.79,1.54,0.23,42,x0B\r\n'
b'POS,3,4830,1.79,1.54,0.22,41,x0B\r\n'
b'POS,3,4830,1.79,1.53,0.22,41,x0B\r\n'
b'POS,3,4830,1.78,1.52,0.20,37,x0B\r\n'
b'POS,3,4830,1.78,1.51,0.19,39,x0B\r\n'
b'POS,3,4830,1.80,1.51,0.20,43,x0B\r\n'
b'POS,3,4830,1.78,1.51,0.20,39,x0B\r\n'
b'POS,3,4830,1.77,1.52,0.20,41,x0B\r\n'
b'POS,3,4830,1.78,1.52,0.21,43,x0B\r\n'
b'POS,3,4830,1.80,1.52,0.22,44,x0B\r\n'
b'POS,3,4830,1.79,1.53,0.22,42,x0B\r\n'
b'POS,3,4830,1.78,1.54,0.22,41,x0B\r\n'
b'POS,3,4830,1.79,1.54,0.22,42,x0B\r\n'
b'POS,3,4830,1.77,1.54,0.21,39,x0B\r\n'
b'POS,3,4830,1.77,1.54,0.21,40,x0B\r\n'
b'POS,3,4830,1.76,1.54,0.19,38,x0B\r\n'
b'POS,3,4830,1.77,1.54,0.20,42,x0B\r\n'
b'POS,3,4830,1.78,1.54,0.21,42,x0B\r\n'
b'POS,3,4830,1.77,1.52,0.20,39,x0B\r\n'
b'POS,3,4830,1.77,1.53,0.20,41,x0B\r\n'
b'POS,3,4830,1.77,1.54,0.21,42,x0B\r\n'
b'POS,3,4830,1.76,1.54,0.21,41,x0B\r\n'
b'POS,3,4830,1.78,1.55,0.21,43,x0B\r\n'
b'POS,3,4830,1.78,1.55,0.20,40,x0B\r\n'
b'POS,3,4830,1.76,1.54,0.20,39,x0B\r\n'
b'POS,3,4830,1.77,1.53,0.20,42,x0B\r\n'
b'POS,3,4830,1.76,1.52,0.20,40,x0B\r\n'
b'POS,3,4830,1.76,1.52,0.20,40,x0B\r\n'
b'POS,3,4830,1.76,1.52,0.19,39,x0B\r\n'
b'POS,3,4830,1.75,1.52,0.18,38,x0B\r\n'
b'POS,3,4830,1.78,1.52,0.20,43,x0B\r\n'
b'POS,3,4830,1.77,1.52,0.20,41,x0B\r\n'
b'POS,3,4830,1.79,1.52,0.20,40,x0B\r\n'
b'POS,3,4830,1.79,1.52,0.20,42,x0B\r\n'
b'POS,3,4830,1.77,1.53,0.20,41,x0B\r\n'
b'POS,3,4830,1.77,1.54,0.21,42,x0B\r\n'
b'POS,3,4830,1.76,1.54,0.21,41,x0B\r\n'
b'POS,3,4830,1.76,1.55,0.21,42,x0B\r\n'
b'POS,3,4830,1.77,1.55,0.23,44,x0B\r\n'
b'POS,3,4830,1.78,1.55,0.23,43,x0B\r\n'
b'POS,3,4830,1.78,1.55,0.23,42,x0B\r\n'
b'POS,3,4830,1.76,1.55,0.22,41,x0B\r\n'
b'POS,3,4830,1.76,1.56,0.22,41,x0B\r\n'
b'POS,3,4830,1.77,1.57,0.23,44,x0B\r\n'
b'POS,3,4830,1.77,1.57,0.24,44,x0B\r\n'
b'POS,3,4830,1.78,1.57,0.24,42,x0B\r\n'
b'POS,3,4830,1.76,1.56,0.22,38,x0B\r\n'
b'POS,3,4830,1.77,1.55,0.22,42,x0B\r\n'
b'POS,3,4830,1.77,1.55,0.22,42,x0B\r\n'
b'POS,3,4830,1.78,1.55,0.22,42,x0B\r\n'
b'POS,3,4830,1.77,1.54,0.21,38,x0B\r\n'
b'POS,3,4830,1.76,1.51,0.18,35,x0B\r\n'
b'POS,3,4830,1.76,1.48,0.16,35,x0B\r\n'
b'POS,3,4830,1.76,1.49,0.17,40,x0B\r\n'
b'POS,3,4830,1.75,1.49,0.14,34,x0B\r\n'
b'POS,3,4830,1.74,1.47,0.14,36,x0B\r\n'
b'POS,3,4830,1.76,1.49,0.16,41,x0B\r\n'
b'POS,3,4830,1.77,1.52,0.19,47,x0B\r\n'
b'POS,3,4830,1.78,1.53,0.20,42,x0B\r\n'
b'POS,3,4830,1.77,1.54,0.19,39,x0B\r\n'
b'POS,3,4830,1.78,1.53,0.21,43,x0B\r\n'
b'POS,3,4830,1.78,1.49,0.18,36,x0B\r\n'
b'POS,3,4830,1.77,1.48,0.17,37,x0B\r\n'
b'POS,3,4830,1.78,1.47,0.16,38,x0B\r\n'
b'POS,3,4830,1.81,1.50,0.16,48,x0B\r\n'
b'POS,3,4830,1.81,1.50,0.17,40,x0B\r\n'
b'POS,3,4830,1.80,1.51,0.19,43,x0B\r\n'
b'POS,3,4830,1.81,1.51,0.21,44,x0B\r\n'
b'POS,3,4830,1.80,1.52,0.22,43,x0B\r\n'
b'POS,3,4830,1.79,1.53,0.22,41,x0B\r\n'
b'POS,3,4830,1.78,1.53,0.21,40,x0B\r\n'
b'POS,3,4830,1.78,1.53,0.19,38,x0B\r\n'
b'POS,3,4830,1.77,1.52,0.19,39,x0B\r\n'
b'POS,3,4830,1.77,1.52,0.19,40,x0B\r\n'
b'POS,3,4830,1.76,1.53,0.18,38,x0B\r\n'
b'POS,3,4830,1.76,1.52,0.19,41,x0B\r\n'
b'POS,3,4830,1.76,1.53,0.20,41,x0B\r\n'
b'POS,3,4830,1.78,1.53,0.19,40,x0B\r\n'
b'POS,3,4830,1.80,1.55,0.20,42,x0B\r\n'
b'POS,3,4830,1.81,1.60,0.19,41,x0B\r\n'
b'POS,3,4830,1.82,1.59,0.17,38,x0B\r\n'
b'POS,3,4830,1.82,1.57,0.14,37,x0B\r\n'
b'POS,3,4830,1.83,1.60,0.14,39,x0B\r\n'
b'POS,3,4830,1.85,1.59,0.16,43,x0B\r\n'
b'POS,3,4830,1.80,1.56,0.17,39,x0B\r\n'
b'POS,3,4830,1.79,1.55,0.17,38,x0B\r\n'
b'POS,3,4830,1.78,1.52,0.17,38,x0B\r\n'
b'POS,3,4830,1.77,1.53,0.18,41,x0B\r\n'
b'POS,3,4830,1.75,1.51,0.19,40,x0B\r\n'
b'POS,3,4830,1.73,1.51,0.18,38,x0B\r\n'
b'POS,3,4830,1.75,1.51,0.19,42,x0B\r\n'
b'POS,3,4830,1.77,1.51,0.21,43,x0B\r\n'
b'POS,3,4830,1.75,1.52,0.20,38,x0B\r\n'
b'POS,3,4830,1.73,1.51,0.19,37,x0B\r\n'
b'POS,3,4830,1.72,1.51,0.18,39,x0B\r\n'
b'POS,3,4830,1.73,1.50,0.20,42,x0B\r\n'
b'POS,3,4830,1.73,1.50,0.21,42,x0B\r\n'
b'POS,3,4830,1.73,1.50,0.20,39,x0B\r\n'
b'POS,3,4830,1.72,1.51,0.20,39,x0B\r\n'
b'POS,3,4830,1.72,1.49,0.19,38,x0B\r\n'
b'POS,3,4830,1.70,1.50,0.18,37,x0B\r\n'
b'POS,3,4830,1.73,1.51,0.20,44,x0B\r\n'
b'POS,3,4830,1.74,1.51,0.20,40,x0B\r\n'
b'POS,3,4830,1.76,1.51,0.20,42,x0B\r\n'
b'POS,3,4830,1.76,1.51,0.20,39,x0B\r\n'
b'POS,3,4830,1.77,1.52,0.19,39,x0B\r\n'
b'POS,3,4830,1.79,1.52,0.19,40,x0B\r\n'
b'POS,3,4830,1.78,1.52,0.19,40,x0B\r\n'
b'POS,3,4830,1.78,1.51,0.20,42,x0B\r\n'
b'POS,3,4830,1.79,1.52,0.21,42,x0B\r\n'
b'POS,3,4830,1.78,1.53,0.20,40,x0B\r\n'
b'POS,3,4830,1.78,1.52,0.19,38,x0B\r\n'
b'POS,3,4830,1.77,1.52,0.20,40,x0B\r\n'
b'POS,3,4830,1.78,1.52,0.20,41,x0B\r\n'
b'POS,3,4830,1.76,1.51,0.19,38,x0B\r\n'
b'POS,3,4830,1.76,1.51,0.18,38,x0B\r\n'
b'POS,3,4830,1.75,1.49,0.17,37,x0B\r\n'
b'POS,3,4830,1.74,1.50,0.17,38,x0B\r\n'
b'POS,3,4830,1.74,1.51,0.17,39,x0B\r\n'
b'POS,3,4830,1.75,1.50,0.18,40,x0B\r\n'
b'POS,3,4830,1.74,1.49,0.17,38,x0B\r\n'
b'POS,3,4830,1.76,1.50,0.18,41,x0B\r\n'
b'POS,3,4830,1.75,1.50,0.18,39,x0B\r\n'
b'POS,3,4830,1.76,1.51,0.19,41,x0B\r\n'
b'POS,3,4830,1.77,1.51,0.18,39,x0B\r\n'
b'POS,3,4830,1.77,1.52,0.19,42,x0B\r\n'
b'POS,3,4830,1.75,1.52,0.19,38,x0B\r\n'
b'POS,3,4830,1.76,1.51,0.19,40,x0B\r\n'
b'POS,3,4830,1.77,1.51,0.19,40,x0B\r\n'
b'POS,3,4830,1.76,1.51,0.18,38,x0B\r\n'
b'POS,3,4830,1.76,1.51,0.19,42,x0B\r\n'
b'POS,3,4830,1.75,1.50,0.19,39,x0B\r\n'
b'POS,3,4830,1.74,1.51,0.19,39,x0B\r\n'
b'POS,3,4830,1.77,1.53,0.19,42,x0B\r\n'
b'POS,3,4830,1.79,1.54,0.19,40,x0B\r\n'
b'POS,3,4830,1.79,1.54,0.17,38,x0B\r\n'
b'POS,3,4830,1.81,1.55,0.17,40,x0B\r\n'
b'POS,3,4830,1.81,1.54,0.18,41,x0B\r\n'
b'POS,3,4830,1.81,1.53,0.18,39,x0B\r\n'
b'POS,3,4830,1.80,1.55,0.19,42,x0B\r\n'
b'POS,3,4830,1.82,1.56,0.20,43,x0B\r\n'
b'POS,3,4830,1.82,1.60,0.22,45,x0B\r\n'
b'POS,3,4830,1.81,1.59,0.21,40,x0B\r\n'
b'POS,3,4830,1.81,1.59,0.20,40,x0B\r\n'
b'POS,3,4830,1.80,1.61,0.23,48,x0B\r\n'
b'POS,3,4830,1.81,1.63,0.26,49,x0B\r\n'
b'POS,3,4830,1.81,1.64,0.27,45,x0B\r\n'
b'POS,3,4830,1.80,1.61,0.26,43,x0B\r\n'
b'POS,3,4830,1.79,1.58,0.24,38,x0B\r\n'
b'POS,3,4830,1.78,1.59,0.23,42,x0B\r\n'
b'POS,3,4830,1.79,1.57,0.23,41,x0B\r\n'
b'POS,3,4830,1.79,1.57,0.23,42,x0B\r\n'
b'POS,3,4830,1.79,1.56,0.23,42,x0B\r\n'
b'POS,3,4830,1.79,1.56,0.23,43,x0B\r\n'
b'POS,3,4830,1.79,1.55,0.23,41,x0B\r\n'
b'POS,3,4830,1.78,1.55,0.22,40,x0B\r\n'
b'POS,3,4830,1.79,1.54,0.21,40,x0B\r\n'
b'POS,3,4830,1.80,1.53,0.21,42,x0B\r\n'
b'POS,3,4830,1.79,1.49,0.18,36,x0B\r\n'
b'POS,3,4830,1.79,1.51,0.19,42,x0B\r\n'
b'POS,3,4830,1.77,1.49,0.17,34,x0B\r\n'
b'POS,3,4830,1.77,1.48,0.17,39,x0B\r\n'
b'POS,3,4830,1.75,1.49,0.17,39,x0B\r\n'
b'POS,3,4830,1.76,1.48,0.16,37,x0B\r\n'
b'POS,3,4830,1.75,1.45,0.14,36,x0B\r\n'
b'POS,3,4830,1.75,1.45,0.13,35,x0B\r\n'
b'POS,3,4830,1.75,1.46,0.13,37,x0B\r\n'
b'POS,3,4830,1.75,1.46,0.14,39,x0B\r\n'
b'POS,3,4830,1.75,1.39,0.09,41,x0B\r\n'
b'POS,3,4830,1.75,1.41,0.11,38,x0B\r\n'
b'POS,3,4830,1.75,1.45,0.13,40,x0B\r\n'
b'POS,3,4830,1.76,1.46,0.13,38,x0B\r\n'
b'POS,3,4830,1.78,1.45,0.15,40,x0B\r\n'
b'POS,3,4830,1.77,1.46,0.16,39,x0B\r\n'
b'POS,3,4830,1.76,1.47,0.16,38,x0B\r\n'
b'POS,3,4830,1.78,1.49,0.17,42,x0B\r\n'
b'POS,3,4830,1.75,1.49,0.15,35,x0B\r\n'
b'POS,3,4830,1.75,1.49,0.15,38,x0B\r\n'
b'POS,3,4830,1.76,1.50,0.17,42,x0B\r\n'
b'POS,3,4830,1.78,1.51,0.18,41,x0B\r\n'
b'POS,3,4830,1.78,1.51,0.19,42,x0B\r\n'
b'POS,3,4830,1.78,1.51,0.19,40,x0B\r\n'
b'POS,3,4830,1.78,1.51,0.19,40,x0B\r\n'
b'POS,3,4830,1.77,1.48,0.17,36,x0B\r\n'
b'POS,3,4830,1.78,1.51,0.20,45,x0B\r\n'
b'POS,3,4830,1.79,1.53,0.21,42,x0B\r\n'
b'POS,3,4830,1.80,1.52,0.21,42,x0B\r\n'
b'POS,3,4830,1.80,1.52,0.20,40,x0B\r\n'
b'POS,3,4830,1.78,1.51,0.20,39,x0B\r\n'
b'POS,3,4830,1.78,1.53,0.22,44,x0B\r\n'
b'POS,3,4830,1.78,1.54,0.21,40,x0B\r\n'
b'POS,3,4830,1.78,1.52,0.20,39,x0B\r\n'
b'POS,3,4830,1.77,1.52,0.20,39,x0B\r\n'
b'POS,3,4830,1.77,1.53,0.20,41,x0B\r\n'
b'POS,3,4830,1.76,1.53,0.20,40,x0B\r\n'
b'POS,3,4830,1.77,1.52,0.20,40,x0B\r\n'
b'POS,3,4830,1.76,1.51,0.18,36,x0B\r\n'
b'POS,3,4830,1.75,1.50,0.17,38,x0B\r\n'
b'POS,3,4830,1.76,1.50,0.17,40,x0B\r\n'
b'POS,3,4830,1.75,1.50,0.17,39,x0B\r\n'
b'POS,3,4830,1.75,1.52,0.17,39,x0B\r\n'
b'POS,3,4830,1.76,1.53,0.18,41,x0B\r\n'
b'POS,3,4830,1.77,1.53,0.18,40,x0B\r\n'
b'POS,3,4830,1.76,1.52,0.19,40,x0B\r\n'
b'POS,3,4830,1.75,1.52,0.19,41,x0B\r\n'
b'POS,3,4830,1.75,1.53,0.18,37,x0B\r\n'
b'POS,3,4830,1.76,1.55,0.20,44,x0B\r\n'
b'POS,3,4830,1.77,1.56,0.21,43,x0B\r\n'
b'POS,3,4830,1.78,1.56,0.23,46,x0B\r\n'
b'POS,3,4830,1.78,1.56,0.23,42,x0B\r\n'
b'POS,3,4830,1.77,1.55,0.22,39,x0B\r\n'
b'POS,3,4830,1.76,1.53,0.20,37,x0B\r\n'
b'POS,3,4830,1.77,1.52,0.20,41,x0B\r\n'
b'POS,3,4830,1.78,1.52,0.20,40,x0B\r\n'
b'POS,3,4830,1.78,1.53,0.20,41,x0B\r\n'
b'POS,3,4830,1.77,1.52,0.20,39,x0B\r\n'
b'POS,3,4830,1.78,1.51,0.20,42,x0B\r\n'
b'POS,3,4830,1.78,1.51,0.21,41,x0B\r\n'
b'POS,3,4830,1.78,1.51,0.20,39,x0B\r\n'
b'POS,3,4830,1.77,1.50,0.18,36,x0B\r\n'
b'POS,3,4830,1.77,1.50,0.18,39,x0B\r\n'
b'POS,3,4830,1.76,1.48,0.17,38,x0B\r\n'
b'POS,3,4830,1.76,1.50,0.19,43,x0B\r\n'
b'POS,3,4830,1.78,1.52,0.22,46,x0B\r\n'
b'POS,3,4830,1.77,1.50,0.21,39,x0B\r\n'
b'POS,3,4830,1.78,1.51,0.21,41,x0B\r\n'
b'POS,3,4830,1.79,1.51,0.22,43,x0B\r\n'
b'POS,3,4830,1.78,1.52,0.20,38,x0B\r\n'
b'POS,3,4830,1.77,1.51,0.18,37,x0B\r\n'
b'POS,3,4830,1.76,1.51,0.18,38,x0B\r\n'
b'POS,3,4830,1.76,1.51,0.19,41,x0B\r\n'
b'POS,3,4830,1.77,1.51,0.20,42,x0B\r\n'
b'POS,3,4830,1.77,1.50,0.20,41,x0B\r\n'
b'POS,3,4830,1.76,1.52,0.20,39,x0B\r\n'
b'POS,3,4830,1.74,1.51,0.19,38,x0B\r\n'
b'POS,3,4830,1.75,1.52,0.18,39,x0B\r\n'
b'POS,3,4830,1.74,1.51,0.17,37,x0B\r\n'
b'POS,3,4830,1.76,1.51,0.18,41,x0B\r\n'
